    3.434415     8.967467     0.424147     2.906581     0.326521     0.453108     0.007103     0.026863     0.371193     0.312239
    8.967467    26.959114     1.455054    10.114072     0.926521     1.356865     0.016690     0.113179     1.314799     1.114892
    0.424147     1.455054     0.387243     2.100579     0.024066     0.098340    -0.098934    -0.092773     0.030615     0.012077
    2.906581    10.114072     2.100579    14.029086     0.378109     0.808440    -0.213516    -0.114880     0.904217     0.751681
    0.326521     0.926521     0.024066     0.378109     0.225762     0.293888     0.005087     0.006685     0.067189     0.060866
    0.453108     1.356865     0.098340     0.808440     0.293888     0.484306    -0.035659    -0.033094     0.056425     0.042197
    0.007103     0.016690    -0.098934    -0.213516     0.005087    -0.035659     0.299244     0.272914     0.416252     0.418221
    0.026863     0.113179    -0.092773    -0.114880     0.006685    -0.033094     0.272914     0.399245     0.539339     0.539040
    0.371193     1.314799     0.030615     0.904217     0.067189     0.056425     0.416252     0.539339     1.589020     1.365408
    0.312239     1.114892     0.012077     0.751681     0.060866     0.042197     0.418221     0.539040     1.365408     1.509597
